24 24 1 1607168407
0 0 0 0 0 0 0 0 0 0 0 0 0 0 0 0 0 0 0 0 0 0 0 0
0 0 0 0 0 0 0 0 0 0 0 0 0 0 0 0 0 0 0 0 0 0 0 0
0 0 0 0 0 0 0 0 0 0 0 0 0 0 0 0 0 0 0 0 0 0 0 0
0 0 0 0 0 0 0 0 0 0 0 0 0 0 0 0 0 0 0 0 0 0 0 0
0 0 0 0 0 0 0 0 0 0 0 0 0 0 0 0 0 0 0 0 0 0 0 0
0 0 0 0 0 0 0 0 0 0 0 0 0 0 0 0 0 0 0 0 0 0 0 0
0 0 0 0 0 0 0 0 0 0 0 0 0 0 0 0 0 0 0 0 0 0 0 0
0 0 0 0 0 0 0 0 0 0 0 0 0 0 0 0 0 0 0 0 0 0 0 0
0 0 0 0 0 0 0 0 0 0 0 0 0 0 0 0 0 0 0 0 0 0 0 0
0 0 0 0 0 0 0 0 0 0 0 0 0 0 0 0 0 0 0 0 0 0 0 0
0 0 0 0 0 0 0 0 0 0 0 0 0 0 0 0 0 0 0 0 0 0 0 0
0 0 0 0 0 0 0 0 0 0 0 0 0 0 0 0 0 0 0 0 0 0 0 0
0 0 0 0 0 0 0 0 0 0 0 0 0 0 0 0 0 0 0 0 0 0 0 0
0 0 0 0 0 0 0 0 0 0 0 0 0 0 0 0 0 0 0 0 0 0 0 0
0 0 0 0 0 0 0 0 0 0 0 0 0 0 0 0 0 0 0 0 0 0 0 0
0 0 0 0 0 0 0 0 0 0 0 0 0 0 0 0 0 0 0 0 0 0 0 0
0 0 0 0 0 0 0 0 0 0 0 0 0 0 0 0 0 0 0 0 0 0 0 0
0 0 0 0 0 0 0 0 0 0 0 0 0 0 0 0 0 0 0 0 0 0 0 0
0 0 0 0 0 0 0 0 0 0 0 0 0 0 0 0 0 0 0 0 0 0 0 0
0 0 0 0 0 0 0 0 0 0 0 0 0 0 0 0 0 0 0 0 0 0 0 0
0 0 0 0 0 0 0 0 0 0 0 0 0 0 0 0 0 0 0 0 0 0 0 0
0 0 0 0 0 0 0 0 0 0 0 0 0 0 0 0 0 0 0 0 0 0 0 0
0 0 0 0 0 0 0 0 0 0 0 0 0 0 0 0 0 0 0 0 0 0 0 0
0 0 0 0 0 0 0 0 0 0 0 0 0 0 0 0 0 0 0 0 0 0 0 0
0 0 0 0 0 0 0 0 0 0 0 0 0 0 0 0 0 0 0 0 0 0 0 0
0 0 0 0 0 0 0 0 0 0 0 0 0 0 0 0 0 0 0 0 0 0 0 0
0 0 0 0 0 0 0 0 0 0 0 0 0 0 0 0 0 0 0 0 0 0 0 0
0 0 0 0 0 0 0 0 0 0 0 0 0 0 0 0 0 0 0 0 0 0 0 0
0 0 0 0 0 0 0 0 0 0 0 0 0 0 0 0 0 0 0 0 0 0 0 0
0 0 0 0 0 0 0 0 0 0 0 0 0 0 0 0 0 0 0 0 0 0 0 0
0 0 0 0 0 0 0 0 0 0 0 0 0 0 0 0 0 0 0 0 0 0 0 0
0 0 0 0 0 0 0 0 0 0 0 0 0 0 0 0 0 0 0 0 0 0 0 0
0 0 0 0 0 0 0 0 0 0 0 0 0 0 0 0 0 0 0 0 0 0 0 0
0 0 0 0 0 0 0 0 0 0 0 0 0 0 0 0 0 0 0 0 0 0 0 0
0 0 0 0 0 0 0 0 0 0 0 0 0 0 0 0 0 0 0 0 0 0 0 0
0 0 0 0 0 0 0 0 0 0 0 0 0 0 0 0 0 0 0 0 0 0 0 0
0 0 0 0 0 0 0 0 0 0 0 0 0 0 0 0 0 0 0 0 0 0 0 0
0 0 0 0 0 0 0 0 0 0 0 0 0 0 0 0 0 0 0 0 0 0 0 0
0 0 0 0 0 0 0 0 0 0 0 0 0 0 0 0 0 0 0 0 0 0 0 0
0 0 0 0 0 0 0 0 0 0 0 0 0 0 0 0 0 0 0 0 0 0 0 0
0 0 0 0 0 0 0 0 0 0 0 0 0 0 0 0 0 0 0 0 0 0 0 0
0 0 0 0 0 0 0 0 0 0 0 0 0 0 0 0 0 0 0 0 0 0 0 0
0 0 0 0 0 0 0 0 0 0 0 0 0 0 0 0 0 0 0 0 0 0 0 0
0 0 0 0 0 0 0 0 0 0 0 0 0 0 0 0 0 0 0 0 0 0 0 0
0 0 0 0 0 0 0 0 0 0 0 0 0 0 0 0 0 0 0 0 0 0 0 0
0 0 0 0 0 0 0 0 0 0 0 0 0 0 0 0 0 0 0 0 0 0 0 0
0 0 0 0 0 0 0 0 0 0 0 0 0 0 0 0 0 0 0 0 0 0 0 0
0 0 0 0 0 0 0 0 0 0 0 0 0 0 0 0 0 0 0 0 0 0 0 0
3 14 11 -7 11 -8 12 10 6 2 -6 1 15 5 6 -15 -9 5 5 -2 -3 4 -1 -14
6 3 15 12 6 -5 -3 11 3 8 1 14 -8 -8 -1 -13 5 -6 13 -13 4 -1 1 9
6 -3 8 12 -1 -10 12 15 6 -13 -4 6 -13 9 -7 10 2 9 -15 14 15 -3 12 -2
-10 -6 0 12 14 8 2 -6 -9 -16 1 6 -9 -4 9 12 -8 4 -4 1 9 2 -8 3
6 -3 6 -12 -1 12 -5 -12 -10 -8 12 -2 13 6 4 -6 4 -6 -8 -7 -10 -5 13 8
-9 3 1 7 15 3 -12 -10 -14 14 11 9 5 -14 -16 -4 11 1 7 -13 14 -13 -3 -7
-13 9 16 -15 15 1 -4 -1 16 6 0 4 3 -6 15 -8 -6 15 -14 -12 5 15 -15 14
-15 0 -5 13 -13 16 -10 -15 13 6 16 14 11 13 -13 -5 2 -3 4 -8 15 -16 7 10
9 13 7 9 16 12 4 -2 2 9 11 -1 7 15 -5 -14 -15 -6 -5 -7 -13 -14 10 -6
14 4 -2 4 -1 -15 -11 -6 -8 -11 -14 -11 4 1 -3 -7 8 4 8 -8 -12 2 -11 13
11 12 12 -7 -1 14 11 -1 -11 -15 -6 -10 -2 15 -15 9 0 -5 7 -15 15 3 13 -10
4 16 11 16 11 14 -4 16 16 -12 7 -2 14 1 -3 1 9 -16 4 2 -8 15 -14 -1
16 2 -2 2 15 -2 -6 2 6 -5 8 -5 12 1 4 14 -13 -16 5 -7 8 9 1 -7
-4 12 16 -1 5 0 2 -5 11 9 6 6 8 -10 -12 -8 10 -6 9 -3 -6 -10 -7 5
-2 8 -9 11 -9 13 -3 -16 -13 -13 7 -11 -6 -15 4 -8 7 9 -15 -9 -16 9 9 2
-2 6 8 -1 4 -11 -3 -15 -16 8 -5 3 0 4 -1 -5 -1 -2 11 -15 -15 -9 3 -13
-2 13 -6 -4 1 1 -14 7 -12 -12 -14 12 16 -5 -4 16 2 -16 13 -3 11 -2 1 7
2 9 13 5 9 14 -8 -13 -5 -10 8 -11 -16 -14 5 8 5 -2 1 -3 -13 16 3 11
-6 9 -9 -14 -8 8 -10 3 13 4 -8 -7 -7 12 2 9 -6 11 -7 -6 0 7 1 2
9 1 5 10 -2 -16 16 6 -5 8 -11 0 -9 -13 8 2 2 -16 -13 -6 -10 -3 4 1
8 -14 -4 -4 3 -11 8 3 15 -12 0 16 -16 -5 -10 4 -6 -3 0 7 14 -3 -5 -15
-16 -1 -3 8 13 15 -13 -11 15 -5 -6 -11 15 10 -12 -14 10 -14 -9 1 6 9 4 6
9 6 -5 -10 4 -16 5 -1 -14 6 12 -13 4 8 7 -4 0 5 6 -13 -9 4 5 -6
16 -7 15 -16 8 -16 13 8 -11 -16 4 -7 8 -6 -9 -5 9 15 7 -12 -12 -4 12 5
1 14
0 0
6 -1 -1
9 -1 -1
12 -1 -1
16 -1 -1
17 -1 -1
21 -1 -1
22 -1 -1
23 -1 -1
25 -1 -1
30 -1 -1
35 -1 -1
37 -1 -1
39 -1 -1
41 -1 -1
2 14
0 0
99 -1 -1
101 -1 -1
106 -1 -1
108 -1 -1
110 -1 -1
114 -1 -1
116 -1 -1
121 -1 -1
125 -1 -1
127 -1 -1
131 -1 -1
133 -1 -1
137 -1 -1
139 -1 -1
