24 24 3 1607168108
0 0 0 0 0 0 0 0 0 0 0 0 0 0 0 0 0 0 0 0 0 0 0 0
0 0 0 0 0 0 0 0 0 0 0 0 0 0 0 0 0 0 0 0 0 0 0 0
0 0 0 0 0 0 0 0 0 0 0 0 0 0 0 0 0 0 0 0 0 0 0 0
0 0 0 0 0 0 0 0 0 0 0 0 0 0 0 0 0 0 0 0 0 0 0 0
0 0 0 0 0 0 0 0 0 0 0 0 0 0 0 0 0 0 0 0 0 0 0 0
0 0 0 0 0 0 0 0 0 0 0 0 0 0 0 0 0 0 0 0 0 0 0 0
0 0 0 0 0 0 0 0 0 0 0 0 0 0 0 0 0 0 0 0 0 0 0 0
0 0 0 0 0 0 0 0 0 0 0 0 0 0 0 0 0 0 0 0 0 0 0 0
0 0 0 0 0 0 0 0 0 0 0 0 0 0 0 0 0 0 0 0 0 0 0 0
0 0 0 0 0 0 0 0 0 0 0 0 0 0 0 0 0 0 0 0 0 0 0 0
0 0 0 0 0 0 0 0 0 0 0 0 0 0 0 0 0 0 0 0 0 0 0 0
0 0 0 0 0 0 0 0 0 0 0 0 0 0 0 0 0 0 0 0 0 0 0 0
0 0 0 0 0 0 0 0 0 0 0 0 0 0 0 0 0 0 0 0 0 0 0 0
0 0 0 0 0 0 0 0 0 0 0 0 0 0 0 0 0 0 0 0 0 0 0 0
0 0 0 0 0 0 0 0 0 0 0 0 0 0 0 0 0 0 0 0 0 0 0 0
0 0 0 0 0 0 0 0 0 0 0 0 0 0 0 0 0 0 0 0 0 0 0 0
0 0 0 0 0 0 0 0 0 0 0 0 0 0 0 0 0 0 0 0 0 0 0 0
0 0 0 0 0 0 0 0 0 0 0 0 0 0 0 0 0 0 0 0 0 0 0 0
0 0 0 0 0 0 0 0 0 0 0 0 0 0 0 0 0 0 0 0 0 0 0 0
0 0 0 0 0 0 0 0 0 0 0 0 0 0 0 0 0 0 0 0 0 0 0 0
0 0 0 0 0 0 0 0 0 0 0 0 0 0 0 0 0 0 0 0 0 0 0 0
0 0 0 0 0 0 0 0 0 0 0 0 0 0 0 0 0 0 0 0 0 0 0 0
0 0 0 0 0 0 0 0 0 0 0 0 0 0 0 0 0 0 0 0 0 0 0 0
0 0 0 0 0 0 0 0 0 0 0 0 0 0 0 0 0 0 0 0 0 0 0 0
0 0 0 0 0 0 0 0 0 0 0 0 0 0 0 0 0 0 0 0 0 0 0 0
0 0 0 0 0 0 0 0 0 0 0 0 0 0 0 0 0 0 0 0 0 0 0 0
0 0 0 0 0 0 0 0 0 0 0 0 0 0 0 0 0 0 0 0 0 0 0 0
0 0 0 0 0 0 0 0 0 0 0 0 0 0 0 0 0 0 0 0 0 0 0 0
0 0 0 0 0 0 0 0 0 0 0 0 0 0 0 0 0 0 0 0 0 0 0 0
0 0 0 0 0 0 0 0 0 0 0 0 0 0 0 0 0 0 0 0 0 0 0 0
0 0 0 0 0 0 0 0 0 0 0 0 0 0 0 0 0 0 0 0 0 0 0 0
0 0 0 0 0 0 0 0 0 0 0 0 0 0 0 0 0 0 0 0 0 0 0 0
0 0 0 0 0 0 0 0 0 0 0 0 0 0 0 0 0 0 0 0 0 0 0 0
0 0 0 0 0 0 0 0 0 0 0 0 0 0 0 0 0 0 0 0 0 0 0 0
0 0 0 0 0 0 0 0 0 0 0 0 0 0 0 0 0 0 0 0 0 0 0 0
0 0 0 0 0 0 0 0 0 0 0 0 0 0 0 0 0 0 0 0 0 0 0 0
0 0 0 0 0 0 0 0 0 0 0 0 0 0 0 0 0 0 0 0 0 0 0 0
0 0 0 0 0 0 0 0 0 0 0 0 0 0 0 0 0 0 0 0 0 0 0 0
0 0 0 0 0 0 0 0 0 0 0 0 0 0 0 0 0 0 0 0 0 0 0 0
0 0 0 0 0 0 0 0 0 0 0 0 0 0 0 0 0 0 0 0 0 0 0 0
0 0 0 0 0 0 0 0 0 0 0 0 0 0 0 0 0 0 0 0 0 0 0 0
0 0 0 0 0 0 0 0 0 0 0 0 0 0 0 0 0 0 0 0 0 0 0 0
0 0 0 0 0 0 0 0 0 0 0 0 0 0 0 0 0 0 0 0 0 0 0 0
0 0 0 0 0 0 0 0 0 0 0 0 0 0 0 0 0 0 0 0 0 0 0 0
0 0 0 0 0 0 0 0 0 0 0 0 0 0 0 0 0 0 0 0 0 0 0 0
0 0 0 0 0 0 0 0 0 0 0 0 0 0 0 0 0 0 0 0 0 0 0 0
0 0 0 0 0 0 0 0 0 0 0 0 0 0 0 0 0 0 0 0 0 0 0 0
0 0 0 0 0 0 0 0 0 0 0 0 0 0 0 0 0 0 0 0 0 0 0 0
-5 -5 -5 -3 -4 -4 -4 -5 -3 7 -4 -3 -5 -4 -4 6 -4 -3 -5 -4 -4 -4 -5 -4
-3 -2 0 -1 -1 0 -2 5 5 5 5 6 6 5 6 5 7 -1 -2 0 -1 -1 0 -3
-4 0 3 3 5 9 0 -2 0 5 -3 5 -3 -3 5 0 -2 -2 -2 4 4 3 -2 -3
-4 0 4 -15 5 -1 2 3 -2 -2 -4 7 6 5 6 -2 7 2 -3 4 -15 3 -1 -4
-3 0 3 5 4 2 9 -1 -1 0 -5 5 -4 -4 -5 -2 0 -1 2 5 4 5 0 -3
-5 0 1 9 -1 0 -3 0 6 5 5 5 5 6 7 5 0 -3 -4 1 9 3 0 -5
-4 0 3 4 4 -3 -3 0 5 -6 -4 0 -1 -6 -5 6 0 3 8 4 4 3 -2 -4
-4 -2 4 -15 3 1 7 -2 6 6 6 7 6 6 6 6 0 2 3 4 -15 4 -1 -4
-4 -2 5 5 4 1 1 -2 -2 -2 -1 -2 0 -1 -2 0 0 2 -4 3 5 5 0 -3
-4 0 0 1 3 7 -3 3 7 2 3 -2 6 -2 3 1 -3 7 3 -5 -1 3 0 -3
-4 0 5 4 5 -5 -4 0 -2 -2 -1 -1 6 -1 -2 -1 -2 2 8 4 5 5 -1 -4
-3 -1 4 -16 4 -3 9 -2 7 6 -4 -9 6 -10 -6 7 -2 0 -1 5 -15 5 -2 -3
-5 0 4 4 5 -3 1 0 7 -1 0 6 5 -1 -2 0 7 -2 4 4 3 4 -2 -5
-3 -2 8 -1 7 -2 1 -2 -2 -7 -7 -6 5 -7 -7 -8 -6 -2 7 -4 -3 7 0 -3
-3 0 4 4 4 0 0 0 -1 -6 -7 -6 -1 0 -1 -1 0 -2 0 5 5 5 -2 -3
-4 -1 5 -16 5 0 -2 6 2 -1 -2 0 0 7 5 0 -2 -2 0 -2 -16 3 0 -3
-5 -2 3 5 4 -1 7 0 7 0 0 6 7 5 7 7 6 6 7 -1 5 3 -1 -4
-3 0 2 2 0 0 5 7 7 7 6 6 6 -2 -6 -4 -4 5 0 0 -3 2 -2 -5
-5 0 5 5 0 5 -7 -8 5 -5 -5 -4 -6 0 5 -4 6 6 0 3 4 5 0 -4
-3 -2 3 -15 -2 -9 -9 -7 5 7 5 5 -4 0 7 5 6 -2 0 3 -16 4 0 -5
-3 0 5 5 -1 0 7 5 6 5 -8 5 6 0 -6 5 7 -1 -1 4 5 5 -2 -3
-4 0 -1 -1 9 -1 0 -2 7 -7 -8 -9 7 6 7 7 -2 5 -1 -1 9 -1 -2 -3
-4 -2 -2 -2 -16 -16 -16 -2 5 3 1 2 6 6 -12 -11 -11 -11 5 -2 -1 0 0 -3
-5 -4 -3 -4 -3 -5 -5 -3 -3 -4 -4 -3 -5 -4 -5 -4 -5 -4 -4 -3 -3 -4 -4 -5
1 14
0 0
6 -1 -1
10 -1 -1
11 -1 -1
16 -1 -1
20 -1 -1
21 -1 -1
24 -1 -1
25 -1 -1
27 -1 -1
28 -1 -1
30 -1 -1
35 -1 -1
40 -1 -1
42 -1 -1
2 14
0 0
102 -1 -1
105 -1 -1
106 -1 -1
109 -1 -1
110 -1 -1
114 -1 -1
117 -1 -1
122 -1 -1
123 -1 -1
126 -1 -1
131 -1 -1
135 -1 -1
136 -1 -1
139 -1 -1
