12 24 1 1607168548
0 0 0 0 0 0 0 0 0 0 0 0 0 0 0 0 0 0 0 0 0 0 0 0
0 0 0 0 0 0 0 0 0 0 0 0 0 0 0 0 0 0 0 0 0 0 0 0
0 0 0 0 0 0 0 0 0 0 0 0 0 0 0 0 0 0 0 0 0 0 0 0
0 0 0 0 0 0 0 0 0 0 0 0 0 0 0 0 0 0 0 0 0 0 0 0
0 0 0 0 0 0 0 0 0 0 0 0 0 0 0 0 0 0 0 0 0 0 0 0
0 0 0 0 0 0 0 0 0 0 0 0 0 0 0 0 0 0 0 0 0 0 0 0
0 0 0 0 0 0 0 0 0 0 0 0 0 0 0 0 0 0 0 0 0 0 0 0
0 0 0 0 0 0 0 0 0 0 0 0 0 0 0 0 0 0 0 0 0 0 0 0
0 0 0 0 0 0 0 0 0 0 0 0 0 0 0 0 0 0 0 0 0 0 0 0
0 0 0 0 0 0 0 0 0 0 0 0 0 0 0 0 0 0 0 0 0 0 0 0
0 0 0 0 0 0 0 0 0 0 0 0 0 0 0 0 0 0 0 0 0 0 0 0
0 0 0 0 0 0 0 0 0 0 0 0 0 0 0 0 0 0 0 0 0 0 0 0
0 0 0 0 0 0 0 0 0 0 0 0 0 0 0 0 0 0 0 0 0 0 0 0
0 0 0 0 0 0 0 0 0 0 0 0 0 0 0 0 0 0 0 0 0 0 0 0
0 0 0 0 0 0 0 0 0 0 0 0 0 0 0 0 0 0 0 0 0 0 0 0
0 0 0 0 0 0 0 0 0 0 0 0 0 0 0 0 0 0 0 0 0 0 0 0
0 0 0 0 0 0 0 0 0 0 0 0 0 0 0 0 0 0 0 0 0 0 0 0
0 0 0 0 0 0 0 0 0 0 0 0 0 0 0 0 0 0 0 0 0 0 0 0
0 0 0 0 0 0 0 0 0 0 0 0 0 0 0 0 0 0 0 0 0 0 0 0
0 0 0 0 0 0 0 0 0 0 0 0 0 0 0 0 0 0 0 0 0 0 0 0
0 0 0 0 0 0 0 0 0 0 0 0 0 0 0 0 0 0 0 0 0 0 0 0
0 0 0 0 0 0 0 0 0 0 0 0 0 0 0 0 0 0 0 0 0 0 0 0
0 0 0 0 0 0 0 0 0 0 0 0 0 0 0 0 0 0 0 0 0 0 0 0
0 0 0 0 0 0 0 0 0 0 0 0 0 0 0 0 0 0 0 0 0 0 0 0
-2 -6 16 -5 14 5 11 6 -8 12 -13 -16 11 -15 5 1 16 13 -9 15 -15 1 9 4
12 1 -15 -14 -15 0 1 -1 12 5 -1 -5 -2 2 0 5 16 15 11 10 -5 3 16 13
-8 -11 7 -5 -6 -2 11 -9 7 -11 15 -4 13 8 13 14 -11 2 5 -11 14 10 -11 13
15 11 -11 1 -11 6 -1 -13 -9 3 -8 -8 0 -6 -9 -2 -1 14 -2 8 8 -8 16 -1
10 -6 -7 15 -4 -13 -12 3 -10 10 -1 -3 -3 16 11 11 3 15 7 16 -12 14 -6 0
14 -16 4 -8 -16 0 2 -15 -11 15 -7 -9 8 -14 1 -11 -4 -10 16 4 -8 13 8 -8
7 3 -4 -5 7 9 -5 -16 11 -15 7 15 4 -12 -9 14 9 16 14 8 4 -3 6 -6
-11 5 -11 15 6 9 9 -13 7 -5 7 8 2 13 2 -6 9 9 -12 4 -9 13 -11 -7
16 -2 10 2 3 0 -1 -7 6 -5 1 9 0 -8 5 -5 -16 -2 13 -7 -10 6 3 -9
1 -13 5 -3 15 -8 -16 -8 10 9 7 7 -2 5 10 -9 -14 14 0 -12 7 9 -5 12
7 -1 -4 -4 7 1 10 -7 -10 7 -3 -13 -12 3 -9 -15 9 9 0 4 -6 -13 10 -7
3 4 -11 -13 2 10 -5 -4 15 12 4 4 -13 -3 -13 13 4 4 11 14 -15 -9 -7 10
1 10
0 0
6 -1 -1
7 -1 -1
8 -1 -1
11 -1 -1
13 -1 -1
16 -1 -1
17 -1 -1
22 -1 -1
26 -1 -1
30 -1 -1
2 10
0 0
72 -1 -1
76 -1 -1
79 -1 -1
84 -1 -1
89 -1 -1
94 -1 -1
99 -1 -1
104 -1 -1
105 -1 -1
106 -1 -1
