12 12 1 1607168656
0 0 0 0 0 0 0 0 0 0 0 0
0 0 0 0 0 0 0 0 0 0 0 0
0 0 0 0 0 0 0 0 0 0 0 0
0 0 0 0 0 0 0 0 0 0 0 0
0 0 0 0 0 0 0 0 0 0 0 0
0 0 0 0 0 0 0 0 0 0 0 0
0 0 0 0 0 0 0 0 0 0 0 0
0 0 0 0 0 0 0 0 0 0 0 0
0 0 0 0 0 0 0 0 0 0 0 0
0 0 0 0 0 0 0 0 0 0 0 0
0 0 0 0 0 0 0 0 0 0 0 0
0 0 0 0 0 0 0 0 0 0 0 0
0 0 0 0 0 0 0 0 0 0 0 0
0 0 0 0 0 0 0 0 0 0 0 0
0 0 0 0 0 0 0 0 0 0 0 0
0 0 0 0 0 0 0 0 0 0 0 0
0 0 0 0 0 0 0 0 0 0 0 0
0 0 0 0 0 0 0 0 0 0 0 0
0 0 0 0 0 0 0 0 0 0 0 0
0 0 0 0 0 0 0 0 0 0 0 0
0 0 0 0 0 0 0 0 0 0 0 0
0 0 0 0 0 0 0 0 0 0 0 0
0 0 0 0 0 0 0 0 0 0 0 0
0 0 0 0 0 0 0 0 0 0 0 0
-1 -1 -1 -1 -1 -1 -1 -1 -1 -1 -1 -1
-1 -16 -1 -16 -16 -1 -1 -16 -16 -1 -16 -1
-1 -1 -1 -1 -1 -1 -1 -1 -1 -1 -1 -1
-1 -16 -1 -16 -16 -1 -1 -16 -16 -1 -16 -1
-1 -1 -1 -1 -1 -1 -1 -1 -1 -1 -1 -1
-1 -16 -16 -1 -16 -1 -1 -16 -1 -16 -16 -1
-1 -1 -1 -1 -1 -1 -1 -1 -1 -1 -1 -1
-1 -16 -16 -1 -16 -1 -1 -16 -1 -16 -16 -1
-1 -1 -1 -1 -1 -1 -1 -1 -1 -1 -1 -1
-1 -10 -10 -1 -11 -1 -1 -11 -1 -10 -10 -1
-1 -10 -10 -1 -11 -1 -1 -11 -1 -10 -10 -1
-1 -1 -1 -1 -1 -1 -1 -1 -1 -1 -1 -1
1 6
0 0
2 -1 -1
3 -1 -1
4 -1 -1
6 -1 -1
10 -1 -1
13 -1 -1
2 6
0 0
47 -1 -1
50 -1 -1
52 -1 -1
57 -1 -1
61 -1 -1
63 -1 -1
