24 24 0 1607168449
0 0 0 0 0 0 0 0 0 0 0 0 0 0 0 0 0 0 0 0 0 0 0 0
0 0 0 0 0 0 0 0 0 0 0 0 0 0 0 0 0 0 0 0 0 0 0 0
0 0 0 0 0 0 0 0 0 0 0 0 0 0 0 0 0 0 0 0 0 0 0 0
0 0 0 0 0 0 0 0 0 0 0 0 0 0 0 0 0 0 0 0 0 0 0 0
0 0 0 0 0 0 0 0 0 0 0 0 0 0 0 0 0 0 0 0 0 0 0 0
0 0 0 0 0 0 0 0 0 0 0 0 0 0 0 0 0 0 0 0 0 0 0 0
0 0 0 0 0 0 0 0 0 0 0 0 0 0 0 0 0 0 0 0 0 0 0 0
0 0 0 0 0 0 0 0 0 0 0 0 0 0 0 0 0 0 0 0 0 0 0 0
0 0 0 0 0 0 0 0 0 0 0 0 0 0 0 0 0 0 0 0 0 0 0 0
0 0 0 0 0 0 0 0 0 0 0 0 0 0 0 0 0 0 0 0 0 0 0 0
0 0 0 0 0 0 0 0 0 0 0 0 0 0 0 0 0 0 0 0 0 0 0 0
0 0 0 0 0 0 0 0 0 0 0 0 0 0 0 0 0 0 0 0 0 0 0 0
0 0 0 0 0 0 0 0 0 0 0 0 0 0 0 0 0 0 0 0 0 0 0 0
0 0 0 0 0 0 0 0 0 0 0 0 0 0 0 0 0 0 0 0 0 0 0 0
0 0 0 0 0 0 0 0 0 0 0 0 0 0 0 0 0 0 0 0 0 0 0 0
0 0 0 0 0 0 0 0 0 0 0 0 0 0 0 0 0 0 0 0 0 0 0 0
0 0 0 0 0 0 0 0 0 0 0 0 0 0 0 0 0 0 0 0 0 0 0 0
0 0 0 0 0 0 0 0 0 0 0 0 0 0 0 0 0 0 0 0 0 0 0 0
0 0 0 0 0 0 0 0 0 0 0 0 0 0 0 0 0 0 0 0 0 0 0 0
0 0 0 0 0 0 0 0 0 0 0 0 0 0 0 0 0 0 0 0 0 0 0 0
0 0 0 0 0 0 0 0 0 0 0 0 0 0 0 0 0 0 0 0 0 0 0 0
0 0 0 0 0 0 0 0 0 0 0 0 0 0 0 0 0 0 0 0 0 0 0 0
0 0 0 0 0 0 0 0 0 0 0 0 0 0 0 0 0 0 0 0 0 0 0 0
0 0 0 0 0 0 0 0 0 0 0 0 0 0 0 0 0 0 0 0 0 0 0 0
0 0 0 0 0 0 0 0 0 0 0 0 0 0 0 0 0 0 0 0 0 0 0 0
0 0 0 0 0 0 0 0 0 0 0 0 0 0 0 0 0 0 0 0 0 0 0 0
0 0 0 0 0 0 0 0 0 0 0 0 0 0 0 0 0 0 0 0 0 0 0 0
0 0 0 0 0 0 0 0 0 0 0 0 0 0 0 0 0 0 0 0 0 0 0 0
0 0 0 0 0 0 0 0 0 0 0 0 0 0 0 0 0 0 0 0 0 0 0 0
0 0 0 0 0 0 0 0 0 0 0 0 0 0 0 0 0 0 0 0 0 0 0 0
0 0 0 0 0 0 0 0 0 0 0 0 0 0 0 0 0 0 0 0 0 0 0 0
0 0 0 0 0 0 0 0 0 0 0 0 0 0 0 0 0 0 0 0 0 0 0 0
0 0 0 0 0 0 0 0 0 0 0 0 0 0 0 0 0 0 0 0 0 0 0 0
0 0 0 0 0 0 0 0 0 0 0 0 0 0 0 0 0 0 0 0 0 0 0 0
0 0 0 0 0 0 0 0 0 0 0 0 0 0 0 0 0 0 0 0 0 0 0 0
0 0 0 0 0 0 0 0 0 0 0 0 0 0 0 0 0 0 0 0 0 0 0 0
0 0 0 0 0 0 0 0 0 0 0 0 0 0 0 0 0 0 0 0 0 0 0 0
0 0 0 0 0 0 0 0 0 0 0 0 0 0 0 0 0 0 0 0 0 0 0 0
0 0 0 0 0 0 0 0 0 0 0 0 0 0 0 0 0 0 0 0 0 0 0 0
0 0 0 0 0 0 0 0 0 0 0 0 0 0 0 0 0 0 0 0 0 0 0 0
0 0 0 0 0 0 0 0 0 0 0 0 0 0 0 0 0 0 0 0 0 0 0 0
0 0 0 0 0 0 0 0 0 0 0 0 0 0 0 0 0 0 0 0 0 0 0 0
0 0 0 0 0 0 0 0 0 0 0 0 0 0 0 0 0 0 0 0 0 0 0 0
0 0 0 0 0 0 0 0 0 0 0 0 0 0 0 0 0 0 0 0 0 0 0 0
0 0 0 0 0 0 0 0 0 0 0 0 0 0 0 0 0 0 0 0 0 0 0 0
0 0 0 0 0 0 0 0 0 0 0 0 0 0 0 0 0 0 0 0 0 0 0 0
0 0 0 0 0 0 0 0 0 0 0 0 0 0 0 0 0 0 0 0 0 0 0 0
0 0 0 0 0 0 0 0 0 0 0 0 0 0 0 0 0 0 0 0 0 0 0 0
0 11 -1 -3 -1 -6 7 -7 3 4 7 16 12 15 4 -6 10 -1 4 -5 11 15 2 11
-4 9 1 9 0 -1 -5 5 4 16 -7 -1 15 -8 -2 6 -5 5 1 9 -2 1 -1 9
-8 2 10 -8 12 -5 16 -8 7 12 -6 1 6 -6 2 8 11 -7 -1 -2 6 3 -2 10
-4 -4 4 3 -2 3 6 2 11 5 9 -3 3 16 -7 3 13 12 6 3 1 -4 11 2
4 -1 -4 7 -4 -5 1 14 -8 7 8 8 5 -1 -5 -2 8 9 -6 10 -8 7 -7 -6
14 16 16 -7 10 2 2 -3 10 -5 10 8 14 3 9 -5 3 -7 6 8 11 -2 -2 -3
1 4 13 15 4 16 16 -7 8 10 -8 -6 13 -5 16 12 -7 15 14 -8 3 11 4 7
8 12 3 -2 14 5 7 11 -5 -6 0 -3 15 9 -1 10 7 1 15 3 5 4 -2 11
-3 7 15 8 12 16 13 -5 1 -3 7 1 4 12 -3 10 11 4 -7 3 2 3 9 12
3 12 -7 8 -7 5 9 5 11 12 12 9 7 16 10 8 1 4 11 -2 12 -3 6 3
13 6 2 -3 2 4 3 -4 3 -1 13 -7 14 6 3 -5 11 2 -4 -4 15 13 13 5
4 6 12 -3 7 -2 10 4 7 16 10 14 9 8 4 11 4 13 2 -2 2 -4 -4 13
0 13 2 9 10 8 -3 -2 7 9 -2 15 10 1 2 12 15 -4 -6 3 11 -7 9 1
7 10 16 -6 -4 3 -5 12 8 6 7 3 8 -4 14 14 0 8 -7 11 4 -5 -3 3
-2 12 2 -7 -3 10 -7 3 2 10 10 2 -3 3 -3 15 4 8 2 3 15 10 -4 12
-1 1 3 -3 10 13 4 12 1 13 0 13 -2 9 6 4 -7 -2 -3 -5 -7 3 0 0
10 -5 11 5 13 9 1 12 15 10 -4 4 -2 -4 12 3 5 -8 10 15 2 11 8 10
-5 -1 -6 1 0 4 5 13 13 -7 0 -6 -6 1 -1 0 -6 12 -7 5 14 6 -1 9
13 -6 -4 4 -1 15 9 -6 14 4 5 11 9 12 -2 1 -5 -6 -1 16 14 12 -4 12
-2 -7 -3 4 1 -6 5 -2 13 -2 4 6 11 -3 -1 -3 -1 -5 3 15 -3 1 3 -4
7 -8 0 -8 8 -8 -5 -5 13 13 -1 11 -4 -8 4 -7 -6 0 15 14 11 9 -8 14
-8 4 -7 -6 8 8 -2 12 4 12 4 13 7 -7 -3 5 10 5 13 1 6 8 7 5
9 0 -8 -4 14 9 7 10 15 11 6 -4 7 0 -4 5 -6 -1 15 -6 14 0 5 11
15 -8 11 10 0 9 -2 2 -2 16 5 -1 9 7 -3 7 6 14 13 10 -3 1 8 15
1 14
0 0
5 -1 -1
6 -1 -1
11 -1 -1
12 -1 -1
14 -1 -1
17 -1 -1
18 -1 -1
19 -1 -1
22 -1 -1
26 -1 -1
29 -1 -1
33 -1 -1
34 -1 -1
37 -1 -1
2 14
0 0
103 -1 -1
106 -1 -1
108 -1 -1
112 -1 -1
115 -1 -1
120 -1 -1
125 -1 -1
128 -1 -1
132 -1 -1
134 -1 -1
139 -1 -1
140 -1 -1
142 -1 -1
143 -1 -1
