22 23 0 0
0 0 0 0 0 0 0 0 0 0 0 0 0 0 0 0 0 0 0 0 0 0 0 
0 0 0 0 0 0 0 0 0 0 0 0 0 0 0 0 0 0 0 0 0 0 0 
0 0 0 0 0 0 0 0 0 0 0 0 0 0 0 0 0 0 0 0 0 0 0 
0 0 0 0 0 0 0 0 0 0 0 0 0 0 0 0 0 0 0 0 0 0 0 
0 0 0 0 0 0 0 0 0 0 0 0 0 0 0 0 0 0 0 0 0 0 0 
0 0 0 0 0 0 0 0 0 0 0 0 0 0 0 0 0 0 0 0 0 0 0 
0 0 0 0 0 0 0 0 0 0 0 0 0 0 0 0 0 0 0 0 0 0 0 
0 0 0 0 0 0 0 0 0 0 0 0 0 0 0 0 0 0 0 0 0 0 0 
0 0 0 0 0 0 0 0 0 0 0 0 0 0 0 0 0 0 0 0 0 0 0 
0 0 0 0 0 0 0 0 0 0 0 0 0 0 0 0 0 0 0 0 0 0 0 
0 0 0 0 0 0 0 0 0 0 0 0 0 0 0 0 0 0 0 0 0 0 0 
0 0 0 0 0 0 0 0 0 0 0 0 0 0 0 0 0 0 0 0 0 0 0 
0 0 0 0 0 0 0 0 0 0 0 0 0 0 0 0 0 0 0 0 0 0 0 
0 0 0 0 0 0 0 0 0 0 0 0 0 0 0 0 0 0 0 0 0 0 0 
0 0 0 0 0 0 0 0 0 0 0 0 0 0 0 0 0 0 0 0 0 0 0 
0 0 0 0 0 0 0 0 0 0 0 0 0 0 0 0 0 0 0 0 0 0 0 
0 0 0 0 0 0 0 0 0 0 0 0 0 0 0 0 0 0 0 0 0 0 0 
0 0 0 0 0 0 0 0 0 0 0 0 0 0 0 0 0 0 0 0 0 0 0 
0 0 0 0 0 0 0 0 0 0 0 0 0 0 0 0 0 0 0 0 0 0 0 
0 0 0 0 0 0 0 0 0 0 0 0 0 0 0 0 0 0 0 0 0 0 0 
0 0 0 0 0 0 0 0 0 0 0 0 0 0 0 0 0 0 0 0 0 0 0 
0 0 0 0 0 0 0 0 0 0 0 0 0 0 0 0 0 0 0 0 0 0 0 
0 0 0 0 0 0 0 0 0 0 0 0 0 0 0 0 0 0 0 0 0 0 0 
0 0 0 0 0 0 0 0 0 0 0 0 0 0 0 0 0 0 0 0 0 0 0 
0 0 0 0 0 0 0 0 0 0 0 0 0 0 0 0 0 0 0 0 0 0 0 
0 0 0 0 0 0 0 0 0 0 0 0 0 0 0 0 0 0 0 0 0 0 0 
0 0 0 0 0 0 0 0 0 0 0 0 0 0 0 0 0 0 0 0 0 0 0 
0 0 0 0 0 0 0 0 0 0 0 0 0 0 0 0 0 0 0 0 0 0 0 
0 0 0 0 0 0 0 0 0 0 0 0 0 0 0 0 0 0 0 0 0 0 0 
0 0 0 0 0 0 0 0 0 0 0 0 0 0 0 0 0 0 0 0 0 0 0 
0 0 0 0 0 0 0 0 0 0 0 0 0 0 0 0 0 0 0 0 0 0 0 
0 0 0 0 0 0 0 0 0 0 0 0 0 0 0 0 0 0 0 0 0 0 0 
0 0 0 0 0 0 0 0 0 0 0 0 0 0 0 0 0 0 0 0 0 0 0 
0 0 0 0 0 0 0 0 0 0 0 0 0 0 0 0 0 0 0 0 0 0 0 
0 0 0 0 0 0 0 0 0 0 0 0 0 0 0 0 0 0 0 0 0 0 0 
0 0 0 0 0 0 0 0 0 0 0 0 0 0 0 0 0 0 0 0 0 0 0 
0 0 0 0 0 0 0 0 0 0 0 0 0 0 0 0 0 0 0 0 0 0 0 
0 0 0 0 0 0 0 0 0 0 0 0 0 0 0 0 0 0 0 0 0 0 0 
0 0 0 0 0 0 0 0 0 0 0 0 0 0 0 0 0 0 0 0 0 0 0 
0 0 0 0 0 0 0 0 0 0 0 0 0 0 0 0 0 0 0 0 0 0 0 
0 0 0 0 0 0 0 0 0 0 0 0 0 0 0 0 0 0 0 0 0 0 0 
0 0 0 0 0 0 0 0 0 0 0 0 0 0 0 0 0 0 0 0 0 0 0 
0 0 0 0 0 0 0 0 0 0 0 0 0 0 0 0 0 0 0 0 0 0 0 
0 0 0 0 0 0 0 0 0 0 0 0 0 0 0 0 0 0 0 0 0 0 0 
-9 2 8 4 -3 -5 -16 15 -8 -15 16 2 2 5 15 -14 12 6 7 -7 -14 -6 -12 
4 4 11 -11 3 -10 -12 8 9 16 -13 2 -15 7 1 13 -11 14 0 -14 6 -9 -10 
0 3 9 -13 -11 7 10 5 10 -9 15 -11 -9 -5 7 -15 15 7 -7 2 3 -14 5 
-12 -5 -2 -2 -10 2 -14 -13 14 -7 13 1 13 -12 -15 9 -14 5 -14 -2 -1 -7 -3 
5 -14 12 -2 -13 -1 -15 0 -16 -2 9 9 -9 6 5 10 6 -3 13 -1 6 1 16 
11 1 6 7 14 -12 13 -6 9 -8 0 -3 -9 11 13 10 -11 -4 5 -1 2 3 -16 
10 4 -4 -12 2 12 11 14 11 16 -6 3 -8 15 10 12 11 -1 -6 -8 5 7 5 
-6 2 -5 15 -6 16 3 8 16 3 -8 -16 4 8 -6 -2 -12 5 -14 7 7 2 -16 
13 -14 5 -7 14 -8 -4 -15 15 6 -7 -2 -5 1 -13 10 2 -4 1 -3 -14 11 8 
-9 -1 -2 -5 -9 -14 -1 5 6 -15 -7 16 3 -4 12 -11 -2 -8 6 15 6 0 8 
-3 10 3 -5 1 -6 -10 2 -14 -11 10 1 -4 13 0 2 -5 3 -11 2 14 -11 8 
15 2 5 6 -6 -5 -9 -11 -3 -15 -14 6 -3 2 11 -5 2 5 -12 -8 -7 15 6 
8 13 -10 -3 -14 4 14 -4 -2 -15 -5 -14 12 5 8 8 -12 2 6 -10 12 -9 15 
-13 -5 -16 3 -7 13 13 12 1 6 -11 10 -10 3 -13 6 8 3 16 -6 6 0 -15 
-9 -7 5 13 10 -7 -7 -15 -16 4 15 -11 6 16 16 -7 -13 -12 -8 9 -14 10 -12 
-5 10 10 16 15 10 12 2 -10 1 -1 16 -14 11 14 7 10 0 -6 11 8 -11 6 
10 5 -3 -2 -15 0 -9 -10 -14 1 -1 7 8 -2 11 -14 16 2 -3 0 9 -2 11 
3 0 7 9 -15 -7 8 -5 12 -9 -11 -6 -14 -12 0 7 16 16 -4 5 -10 -9 5 
-7 10 1 -15 7 -10 -3 5 -4 -11 -12 1 -6 -7 4 12 11 -15 13 11 10 -3 3 
14 3 -3 7 -7 0 1 8 -14 -16 6 0 -12 2 2 -11 6 -15 -10 6 0 -2 0 
8 -7 -1 -16 -7 5 2 -4 4 -1 -4 -11 3 -9 -9 10 0 3 -5 2 -15 14 -9 
-9 12 1 10 7 0 5 13 6 7 -14 -15 9 -4 15 2 11 -5 2 -7 6 1 8 
7699 12
0 0
31839 -1 -1
26974 -1 -1
63744 -1 -1
81643 -1 -1
4393 -1 -1
94549 -1 -1
36759 -1 -1
86643 -1 -1
49746 -1 -1
14473 -1 -1
85899 -1 -1
95622 -1 -1
56434 12
0 0
39571 -1 -1
86434 -1 -1
7715 -1 -1
74345 -1 -1
40571 -1 -1
35291 -1 -1
90596 -1 -1
79571 -1 -1
86656 -1 -1
46934 -1 -1
55998 -1 -1
18295 -1 -1
