12 12 0 1607168724
0 0 0 0 0 0 0 0 0 0 0 0
0 0 0 0 0 0 0 0 0 0 0 0
0 0 0 0 0 0 0 0 0 0 0 0
0 0 0 0 0 0 0 0 0 0 0 0
0 0 0 0 0 0 0 0 0 0 0 0
0 0 0 0 0 0 0 0 0 0 0 0
0 0 0 0 0 0 0 0 0 0 0 0
0 0 0 0 0 0 0 0 0 0 0 0
0 0 0 0 0 0 0 0 0 0 0 0
0 0 0 0 0 0 0 0 0 0 0 0
0 0 0 0 0 0 0 0 0 0 0 0
0 0 0 0 0 0 0 0 0 0 0 0
0 0 0 0 0 0 0 0 0 0 0 0
0 0 0 0 0 0 0 0 0 0 0 0
0 0 0 0 0 0 0 0 0 0 0 0
0 0 0 0 0 0 0 0 0 0 0 0
0 0 0 0 0 0 0 0 0 0 0 0
0 0 0 0 0 0 0 0 0 0 0 0
0 0 0 0 0 0 0 0 0 0 0 0
0 0 0 0 0 0 0 0 0 0 0 0
0 0 0 0 0 0 0 0 0 0 0 0
0 0 0 0 0 0 0 0 0 0 0 0
0 0 0 0 0 0 0 0 0 0 0 0
0 0 0 0 0 0 0 0 0 0 0 0
3 8 -1 9 -1 4 -1 7 4 -2 4 0
1 3 -5 3 0 0 -2 3 -1 1 3 3
6 6 9 0 0 3 4 8 7 0 9 1
6 4 -3 -4 3 8 3 5 -1 -1 7 6
1 4 8 -4 1 5 3 -3 3 0 -1 9
6 -2 7 -4 0 10 -4 0 0 -3 -4 -3
3 10 4 3 2 1 7 8 10 -5 -5 10
-3 0 6 6 3 4 0 -5 -3 10 1 -1
1 9 8 -2 6 2 -4 5 4 1 3 -4
0 4 -4 -5 0 -2 3 10 6 -5 10 3
-3 5 2 3 -2 -1 -4 9 1 -3 2 8
6 -3 -2 3 0 -3 0 2 3 6 0 8
1 6
0 0
6 -1 -1
9 -1 -1
14 -1 -1
17 -1 -1
20 -1 -1
21 -1 -1
2 6
0 0
43 -1 -1
48 -1 -1
51 -1 -1
54 -1 -1
59 -1 -1
61 -1 -1
