12 12 0 1607168300
0 0 0 0 0 0 0 0 0 0 0 0
0 0 0 0 0 0 0 0 0 0 0 0
0 0 0 0 0 0 0 0 0 0 0 0
0 0 0 0 0 0 0 0 0 0 0 0
0 0 0 0 0 0 0 0 0 0 0 0
0 0 0 0 0 0 0 0 0 0 0 0
0 0 0 0 0 0 0 0 0 0 0 0
0 0 0 0 0 0 0 0 0 0 0 0
0 0 0 0 0 0 0 0 0 0 0 0
0 0 0 0 0 0 0 0 0 0 0 0
0 0 0 0 0 0 0 0 0 0 0 0
0 0 0 0 0 0 0 0 0 0 0 0
0 0 0 0 0 0 0 0 0 0 0 0
0 0 0 0 0 0 0 0 0 0 0 0
0 0 0 0 0 0 0 0 0 0 0 0
0 0 0 0 0 0 0 0 0 0 0 0
0 0 0 0 0 0 0 0 0 0 0 0
0 0 0 0 0 0 0 0 0 0 0 0
0 0 0 0 0 0 0 0 0 0 0 0
0 0 0 0 0 0 0 0 0 0 0 0
0 0 0 0 0 0 0 0 0 0 0 0
0 0 0 0 0 0 0 0 0 0 0 0
0 0 0 0 0 0 0 0 0 0 0 0
0 0 0 0 0 0 0 0 0 0 0 0
6 6 4 4 4 4 4 4 4 4 6 6
6 6 4 -4 -4 5 5 -4 -4 4 6 6
4 4 4 -4 -4 5 5 -4 -4 4 4 4
4 -4 -4 -4 -4 5 5 -4 -4 -4 -4 4
4 -4 -4 -4 -4 -4 -4 -4 -4 -4 -4 4
4 5 5 5 -4 7 7 -4 5 5 5 4
4 5 5 5 -4 7 7 -4 5 5 5 4
4 -4 -4 -4 -4 -4 -4 -4 -4 -4 -4 4
4 -4 -4 -4 -4 5 5 -4 -4 -4 -4 4
4 4 4 -4 -4 5 5 -4 -4 4 4 4
6 6 4 -4 -4 5 5 -4 -4 4 6 6
6 6 4 4 4 4 4 4 4 4 6 6
1 6
0 0
3 -1 -1
5 -1 -1
6 -1 -1
7 -1 -1
9 -1 -1
12 -1 -1
2 6
0 0
46 -1 -1
49 -1 -1
54 -1 -1
55 -1 -1
56 -1 -1
60 -1 -1
