18 18 0 1607168230
0 0 0 0 0 0 0 0 0 0 0 0 0 0 0 0 0 0
0 0 0 0 0 0 0 0 0 0 0 0 0 0 0 0 0 0
0 0 0 0 0 0 0 0 0 0 0 0 0 0 0 0 0 0
0 0 0 0 0 0 0 0 0 0 0 0 0 0 0 0 0 0
0 0 0 0 0 0 0 0 0 0 0 0 0 0 0 0 0 0
0 0 0 0 0 0 0 0 0 0 0 0 0 0 0 0 0 0
0 0 0 0 0 0 0 0 0 0 0 0 0 0 0 0 0 0
0 0 0 0 0 0 0 0 0 0 0 0 0 0 0 0 0 0
0 0 0 0 0 0 0 0 0 0 0 0 0 0 0 0 0 0
0 0 0 0 0 0 0 0 0 0 0 0 0 0 0 0 0 0
0 0 0 0 0 0 0 0 0 0 0 0 0 0 0 0 0 0
0 0 0 0 0 0 0 0 0 0 0 0 0 0 0 0 0 0
0 0 0 0 0 0 0 0 0 0 0 0 0 0 0 0 0 0
0 0 0 0 0 0 0 0 0 0 0 0 0 0 0 0 0 0
0 0 0 0 0 0 0 0 0 0 0 0 0 0 0 0 0 0
0 0 0 0 0 0 0 0 0 0 0 0 0 0 0 0 0 0
0 0 0 0 0 0 0 0 0 0 0 0 0 0 0 0 0 0
0 0 0 0 0 0 0 0 0 0 0 0 0 0 0 0 0 0
0 0 0 0 0 0 0 0 0 0 0 0 0 0 0 0 0 0
0 0 0 0 0 0 0 0 0 0 0 0 0 0 0 0 0 0
0 0 0 0 0 0 0 0 0 0 0 0 0 0 0 0 0 0
0 0 0 0 0 0 0 0 0 0 0 0 0 0 0 0 0 0
0 0 0 0 0 0 0 0 0 0 0 0 0 0 0 0 0 0
0 0 0 0 0 0 0 0 0 0 0 0 0 0 0 0 0 0
0 0 0 0 0 0 0 0 0 0 0 0 0 0 0 0 0 0
0 0 0 0 0 0 0 0 0 0 0 0 0 0 0 0 0 0
0 0 0 0 0 0 0 0 0 0 0 0 0 0 0 0 0 0
0 0 0 0 0 0 0 0 0 0 0 0 0 0 0 0 0 0
0 0 0 0 0 0 0 0 0 0 0 0 0 0 0 0 0 0
0 0 0 0 0 0 0 0 0 0 0 0 0 0 0 0 0 0
0 0 0 0 0 0 0 0 0 0 0 0 0 0 0 0 0 0
0 0 0 0 0 0 0 0 0 0 0 0 0 0 0 0 0 0
0 0 0 0 0 0 0 0 0 0 0 0 0 0 0 0 0 0
0 0 0 0 0 0 0 0 0 0 0 0 0 0 0 0 0 0
0 0 0 0 0 0 0 0 0 0 0 0 0 0 0 0 0 0
0 0 0 0 0 0 0 0 0 0 0 0 0 0 0 0 0 0
2 3 1 3 2 3 1 1 3 1 2 1 1 3 2 1 3 3
3 -1 -2 -1 -1 -1 -1 -1 -2 -2 -1 -3 -1 -3 -1 -3 -1 1
1 -1 5 5 7 6 6 6 6 5 6 7 5 5 7 7 -2 3
1 -1 7 -5 -5 -7 -5 -7 -5 -7 -5 -5 -6 -6 -6 5 -2 1
1 -2 6 -6 9 10 11 9 9 11 10 11 10 11 -5 5 -2 3
1 -2 5 -5 10 -9 -11 -11 -11 -11 -10 -9 -9 11 -5 6 -3 3
2 -3 6 -5 9 -11 14 14 14 14 15 14 -10 10 -7 7 -2 1
2 -3 6 -5 11 -10 14 -16 -16 -16 -15 14 -11 10 -5 7 -3 2
1 -2 7 -6 11 -11 14 -16 16 16 -16 14 -9 11 -6 6 -2 3
3 -2 5 -7 10 -10 14 -15 15 16 -16 15 -11 11 -7 7 -3 3
1 -1 5 -7 9 -9 14 -16 -15 -16 -16 13 -10 9 -6 5 -2 3
3 -3 5 -6 9 -11 14 13 15 13 15 13 -10 11 -6 5 -2 1
2 -1 7 -5 9 -11 -11 -9 -10 -10 -9 -10 -10 9 -5 6 -1 3
2 -2 7 -5 10 11 11 11 10 10 11 10 11 11 -6 7 -1 2
3 -1 6 -6 -7 -5 -6 -6 -5 -7 -7 -6 -6 -5 -7 7 -1 1
1 -3 5 6 5 7 5 5 6 7 6 6 7 7 5 7 -1 2
1 -3 -1 -2 -2 -2 -3 -2 -1 -3 -1 -3 -1 -1 -1 -2 -2 1
1 2 2 3 1 1 2 1 2 1 2 2 3 1 3 2 2 1
1 14
0 0
5 -1 -1
10 -1 -1
13 -1 -1
16 -1 -1
20 -1 -1
22 -1 -1
24 -1 -1
28 -1 -1
29 -1 -1
34 -1 -1
36 -1 -1
39 -1 -1
41 -1 -1
44 -1 -1
2 14
0 0
99 -1 -1
101 -1 -1
105 -1 -1
107 -1 -1
112 -1 -1
116 -1 -1
120 -1 -1
123 -1 -1
125 -1 -1
128 -1 -1
133 -1 -1
138 -1 -1
141 -1 -1
143 -1 -1
