12 24 0 1607168250
0 0 0 0 0 0 0 0 0 0 0 0 0 0 0 0 0 0 0 0 0 0 0 0
0 0 0 0 0 0 0 0 0 0 0 0 0 0 0 0 0 0 0 0 0 0 0 0
0 0 0 0 0 0 0 0 0 0 0 0 0 0 0 0 0 0 0 0 0 0 0 0
0 0 0 0 0 0 0 0 0 0 0 0 0 0 0 0 0 0 0 0 0 0 0 0
0 0 0 0 0 0 0 0 0 0 0 0 0 0 0 0 0 0 0 0 0 0 0 0
0 0 0 0 0 0 0 0 0 0 0 0 0 0 0 0 0 0 0 0 0 0 0 0
0 0 0 0 0 0 0 0 0 0 0 0 0 0 0 0 0 0 0 0 0 0 0 0
0 0 0 0 0 0 0 0 0 0 0 0 0 0 0 0 0 0 0 0 0 0 0 0
0 0 0 0 0 0 0 0 0 0 0 0 0 0 0 0 0 0 0 0 0 0 0 0
0 0 0 0 0 0 0 0 0 0 0 0 0 0 0 0 0 0 0 0 0 0 0 0
0 0 0 0 0 0 0 0 0 0 0 0 0 0 0 0 0 0 0 0 0 0 0 0
0 0 0 0 0 0 0 0 0 0 0 0 0 0 0 0 0 0 0 0 0 0 0 0
0 0 0 0 0 0 0 0 0 0 0 0 0 0 0 0 0 0 0 0 0 0 0 0
0 0 0 0 0 0 0 0 0 0 0 0 0 0 0 0 0 0 0 0 0 0 0 0
0 0 0 0 0 0 0 0 0 0 0 0 0 0 0 0 0 0 0 0 0 0 0 0
0 0 0 0 0 0 0 0 0 0 0 0 0 0 0 0 0 0 0 0 0 0 0 0
0 0 0 0 0 0 0 0 0 0 0 0 0 0 0 0 0 0 0 0 0 0 0 0
0 0 0 0 0 0 0 0 0 0 0 0 0 0 0 0 0 0 0 0 0 0 0 0
0 0 0 0 0 0 0 0 0 0 0 0 0 0 0 0 0 0 0 0 0 0 0 0
0 0 0 0 0 0 0 0 0 0 0 0 0 0 0 0 0 0 0 0 0 0 0 0
0 0 0 0 0 0 0 0 0 0 0 0 0 0 0 0 0 0 0 0 0 0 0 0
0 0 0 0 0 0 0 0 0 0 0 0 0 0 0 0 0 0 0 0 0 0 0 0
0 0 0 0 0 0 0 0 0 0 0 0 0 0 0 0 0 0 0 0 0 0 0 0
0 0 0 0 0 0 0 0 0 0 0 0 0 0 0 0 0 0 0 0 0 0 0 0
1 2 1 0 1 1 1 1 0 0 1 1 0 2 1 2 0 0 1 2 0 1 1 0
0 -16 1 -12 3 -11 4 -6 4 -4 5 -16 0 6 -3 5 -7 3 -11 2 -14 1 -16 2
2 -16 3 -12 2 -9 3 -6 6 -5 7 0 0 5 -5 6 -6 4 -10 2 -14 2 -16 0
2 -15 3 -14 3 -10 3 -8 5 -4 5 0 0 6 -3 5 -6 3 -10 2 -14 3 -16 2
1 -16 2 -12 4 -11 5 -8 6 -3 6 0 -16 6 -3 4 -7 5 -10 3 -13 2 -15 2
0 -16 2 -13 3 -9 3 -8 4 -5 5 0 0 7 -5 5 -6 4 -9 2 -13 2 -16 1
2 -16 2 -13 3 -10 4 -6 6 -4 5 0 0 5 -5 5 -6 4 -10 2 -13 1 -15 0
2 -16 1 -14 2 -10 4 -8 4 -5 5 -16 0 7 -5 4 -6 3 -10 2 -13 1 -15 0
2 -16 2 -13 4 -10 5 -8 5 -4 7 0 0 5 -5 4 -6 3 -10 3 -14 2 -15 2
2 -16 1 -12 4 -11 3 -7 5 -4 5 0 0 5 -3 5 -8 3 -10 3 -14 2 -16 0
1 -16 3 -12 2 -9 3 -6 5 -3 6 0 -16 7 -4 5 -7 4 -10 2 -13 2 -15 0
2 0 1 0 1 1 2 1 1 1 0 0 1 0 2 0 1 0 1 1 2 1 0 0
1 6
0 0
5 -1 -1
9 -1 -1
11 -1 -1
15 -1 -1
19 -1 -1
21 -1 -1
2 6
0 0
43 -1 -1
44 -1 -1
48 -1 -1
53 -1 -1
57 -1 -1
60 -1 -1
