18 18 0 1607168601
0 0 0 0 0 0 0 0 0 0 0 0 0 0 0 0 0 0
0 0 0 0 0 0 0 0 0 0 0 0 0 0 0 0 0 0
0 0 0 0 0 0 0 0 0 0 0 0 0 0 0 0 0 0
0 0 0 0 0 0 0 0 0 0 0 0 0 0 0 0 0 0
0 0 0 0 0 0 0 0 0 0 0 0 0 0 0 0 0 0
0 0 0 0 0 0 0 0 0 0 0 0 0 0 0 0 0 0
0 0 0 0 0 0 0 0 0 0 0 0 0 0 0 0 0 0
0 0 0 0 0 0 0 0 0 0 0 0 0 0 0 0 0 0
0 0 0 0 0 0 0 0 0 0 0 0 0 0 0 0 0 0
0 0 0 0 0 0 0 0 0 0 0 0 0 0 0 0 0 0
0 0 0 0 0 0 0 0 0 0 0 0 0 0 0 0 0 0
0 0 0 0 0 0 0 0 0 0 0 0 0 0 0 0 0 0
0 0 0 0 0 0 0 0 0 0 0 0 0 0 0 0 0 0
0 0 0 0 0 0 0 0 0 0 0 0 0 0 0 0 0 0
0 0 0 0 0 0 0 0 0 0 0 0 0 0 0 0 0 0
0 0 0 0 0 0 0 0 0 0 0 0 0 0 0 0 0 0
0 0 0 0 0 0 0 0 0 0 0 0 0 0 0 0 0 0
0 0 0 0 0 0 0 0 0 0 0 0 0 0 0 0 0 0
0 0 0 0 0 0 0 0 0 0 0 0 0 0 0 0 0 0
0 0 0 0 0 0 0 0 0 0 0 0 0 0 0 0 0 0
0 0 0 0 0 0 0 0 0 0 0 0 0 0 0 0 0 0
0 0 0 0 0 0 0 0 0 0 0 0 0 0 0 0 0 0
0 0 0 0 0 0 0 0 0 0 0 0 0 0 0 0 0 0
0 0 0 0 0 0 0 0 0 0 0 0 0 0 0 0 0 0
0 0 0 0 0 0 0 0 0 0 0 0 0 0 0 0 0 0
0 0 0 0 0 0 0 0 0 0 0 0 0 0 0 0 0 0
0 0 0 0 0 0 0 0 0 0 0 0 0 0 0 0 0 0
0 0 0 0 0 0 0 0 0 0 0 0 0 0 0 0 0 0
0 0 0 0 0 0 0 0 0 0 0 0 0 0 0 0 0 0
0 0 0 0 0 0 0 0 0 0 0 0 0 0 0 0 0 0
0 0 0 0 0 0 0 0 0 0 0 0 0 0 0 0 0 0
0 0 0 0 0 0 0 0 0 0 0 0 0 0 0 0 0 0
0 0 0 0 0 0 0 0 0 0 0 0 0 0 0 0 0 0
0 0 0 0 0 0 0 0 0 0 0 0 0 0 0 0 0 0
0 0 0 0 0 0 0 0 0 0 0 0 0 0 0 0 0 0
0 0 0 0 0 0 0 0 0 0 0 0 0 0 0 0 0 0
-2 2 4 -5 4 -1 -2 4 3 0 1 -2 2 -2 -5 3 1 2
-5 2 -3 1 -6 -2 0 -2 1 -5 -2 -6 2 -5 -3 0 2 0
3 3 2 3 3 1 -1 3 -2 -3 -2 -6 3 -5 -6 2 -1 3
4 -3 -5 4 -2 -2 -2 1 2 -1 -2 -2 1 3 -2 -6 3 3
1 -2 -1 -2 2 -3 2 -6 -6 4 2 -4 -3 -4 -4 -2 -3 2
4 -3 -1 0 2 -6 1 -6 -6 -1 -5 0 3 -6 -3 1 3 1
-1 0 1 -4 -6 -5 1 1 4 -1 -3 3 0 -2 -2 4 -4 -2
4 -3 2 0 -1 -1 -5 -2 1 -4 4 -1 3 -4 2 -1 -3 0
-1 0 1 -1 4 2 -4 -2 -6 0 1 -3 2 -4 1 1 -5 -2
3 4 -3 -4 4 -2 -3 -4 -2 4 2 3 1 -3 3 3 -3 -2
-5 -3 -4 -3 0 -4 3 -4 -1 1 2 -6 -1 -2 1 3 -6 2
-6 4 -5 1 2 0 -1 1 -4 1 2 2 -5 -2 -6 -1 2 -4
-4 -5 0 2 -1 4 2 4 -5 1 -4 4 -4 2 1 1 -1 0
1 -2 2 -4 -1 -6 -5 4 2 -2 -2 -4 -5 -2 3 -4 -4 -3
4 1 1 -1 3 3 -4 1 -3 4 0 2 3 4 -2 -2 -6 -6
-2 -1 -5 -3 3 -3 3 -2 -2 4 -5 1 -5 1 -4 4 -1 2
-3 -1 -6 0 -6 -5 -2 -4 3 -5 1 2 -5 -3 0 -5 -3 -1
2 1 -4 1 -5 1 -3 4 3 -3 -1 2 3 -5 -2 -2 2 0
1 10
0 0
5 -1 -1
10 -1 -1
14 -1 -1
17 -1 -1
18 -1 -1
22 -1 -1
26 -1 -1
30 -1 -1
31 -1 -1
33 -1 -1
2 10
0 0
75 -1 -1
76 -1 -1
78 -1 -1
81 -1 -1
84 -1 -1
85 -1 -1
86 -1 -1
88 -1 -1
91 -1 -1
94 -1 -1
