18 18 0 1607168579
0 0 0 0 0 0 0 0 0 0 0 0 0 0 0 0 0 0
0 0 0 0 0 0 0 0 0 0 0 0 0 0 0 0 0 0
0 0 0 0 0 0 0 0 0 0 0 0 0 0 0 0 0 0
0 0 0 0 0 0 0 0 0 0 0 0 0 0 0 0 0 0
0 0 0 0 0 0 0 0 0 0 0 0 0 0 0 0 0 0
0 0 0 0 0 0 0 0 0 0 0 0 0 0 0 0 0 0
0 0 0 0 0 0 0 0 0 0 0 0 0 0 0 0 0 0
0 0 0 0 0 0 0 0 0 0 0 0 0 0 0 0 0 0
0 0 0 0 0 0 0 0 0 0 0 0 0 0 0 0 0 0
0 0 0 0 0 0 0 0 0 0 0 0 0 0 0 0 0 0
0 0 0 0 0 0 0 0 0 0 0 0 0 0 0 0 0 0
0 0 0 0 0 0 0 0 0 0 0 0 0 0 0 0 0 0
0 0 0 0 0 0 0 0 0 0 0 0 0 0 0 0 0 0
0 0 0 0 0 0 0 0 0 0 0 0 0 0 0 0 0 0
0 0 0 0 0 0 0 0 0 0 0 0 0 0 0 0 0 0
0 0 0 0 0 0 0 0 0 0 0 0 0 0 0 0 0 0
0 0 0 0 0 0 0 0 0 0 0 0 0 0 0 0 0 0
0 0 0 0 0 0 0 0 0 0 0 0 0 0 0 0 0 0
0 0 0 0 0 0 0 0 0 0 0 0 0 0 0 0 0 0
0 0 0 0 0 0 0 0 0 0 0 0 0 0 0 0 0 0
0 0 0 0 0 0 0 0 0 0 0 0 0 0 0 0 0 0
0 0 0 0 0 0 0 0 0 0 0 0 0 0 0 0 0 0
0 0 0 0 0 0 0 0 0 0 0 0 0 0 0 0 0 0
0 0 0 0 0 0 0 0 0 0 0 0 0 0 0 0 0 0
0 0 0 0 0 0 0 0 0 0 0 0 0 0 0 0 0 0
0 0 0 0 0 0 0 0 0 0 0 0 0 0 0 0 0 0
0 0 0 0 0 0 0 0 0 0 0 0 0 0 0 0 0 0
0 0 0 0 0 0 0 0 0 0 0 0 0 0 0 0 0 0
0 0 0 0 0 0 0 0 0 0 0 0 0 0 0 0 0 0
0 0 0 0 0 0 0 0 0 0 0 0 0 0 0 0 0 0
0 0 0 0 0 0 0 0 0 0 0 0 0 0 0 0 0 0
0 0 0 0 0 0 0 0 0 0 0 0 0 0 0 0 0 0
0 0 0 0 0 0 0 0 0 0 0 0 0 0 0 0 0 0
0 0 0 0 0 0 0 0 0 0 0 0 0 0 0 0 0 0
0 0 0 0 0 0 0 0 0 0 0 0 0 0 0 0 0 0
0 0 0 0 0 0 0 0 0 0 0 0 0 0 0 0 0 0
14 6 14 -6 8 -2 -2 3 -6 1 8 10 -2 -2 -4 5 2 -4
13 3 11 -7 -3 8 5 10 -1 13 14 4 7 14 10 5 7 1
1 2 7 -6 4 3 12 0 10 -7 4 7 4 12 -3 9 7 -6
14 -3 5 -1 6 14 4 2 -2 0 -3 5 14 10 -5 4 14 6
-7 2 7 -1 3 10 4 -6 -5 3 6 -6 7 10 -2 1 8 11
4 7 4 -4 -6 13 1 3 7 -4 6 -5 3 4 11 12 2 -7
0 -7 11 4 -7 6 12 10 0 7 10 -4 -3 7 -3 8 14 14
-2 6 10 3 0 14 2 4 -2 4 4 10 -1 2 0 1 -4 5
2 1 -1 6 4 5 11 -6 11 13 -1 6 10 12 10 1 6 -6
12 8 14 -4 -4 -7 -7 2 14 5 0 10 14 -1 6 1 2 13
8 7 1 -1 2 11 9 1 6 -3 12 3 -5 0 2 1 0 -1
9 -3 1 10 7 -1 11 11 -5 13 7 1 -7 12 4 -5 4 13
5 -7 10 0 2 -7 -1 14 5 -5 11 -7 -4 12 9 13 3 9
12 0 -6 5 14 8 5 7 8 -5 0 2 -1 9 0 1 6 13
14 6 4 -3 8 -7 7 8 4 -6 9 5 13 0 14 4 -6 -7
4 14 -3 11 -4 8 -3 14 8 -7 9 -1 14 0 9 5 4 0
13 8 5 -3 5 -2 8 13 -6 3 3 -7 5 -3 6 3 4 12
7 5 -6 13 -2 -4 -5 4 9 12 -3 4 7 10 5 -4 9 3
1 10
0 0
2 -1 -1
4 -1 -1
5 -1 -1
9 -1 -1
14 -1 -1
15 -1 -1
18 -1 -1
19 -1 -1
20 -1 -1
23 -1 -1
2 10
0 0
73 -1 -1
74 -1 -1
75 -1 -1
79 -1 -1
82 -1 -1
84 -1 -1
89 -1 -1
94 -1 -1
99 -1 -1
104 -1 -1
