24 24 1 1607168178
0 0 0 0 0 0 0 0 0 0 0 0 0 0 0 0 0 0 0 0 0 0 0 0
0 0 0 0 0 0 0 0 0 0 0 0 0 0 0 0 0 0 0 0 0 0 0 0
0 0 0 0 0 0 0 0 0 0 0 0 0 0 0 0 0 0 0 0 0 0 0 0
0 0 0 0 0 0 0 0 0 0 0 0 0 0 0 0 0 0 0 0 0 0 0 0
0 0 0 0 0 0 0 0 0 0 0 0 0 0 0 0 0 0 0 0 0 0 0 0
0 0 0 0 0 0 0 0 0 0 0 0 0 0 0 0 0 0 0 0 0 0 0 0
0 0 0 0 0 0 0 0 0 0 0 0 0 0 0 0 0 0 0 0 0 0 0 0
0 0 0 0 0 0 0 0 0 0 0 0 0 0 0 0 0 0 0 0 0 0 0 0
0 0 0 0 0 0 0 0 0 0 0 0 0 0 0 0 0 0 0 0 0 0 0 0
0 0 0 0 0 0 0 0 0 0 0 0 0 0 0 0 0 0 0 0 0 0 0 0
0 0 0 0 0 0 0 0 0 0 0 0 0 0 0 0 0 0 0 0 0 0 0 0
0 0 0 0 0 0 0 0 0 0 0 0 0 0 0 0 0 0 0 0 0 0 0 0
0 0 0 0 0 0 0 0 0 0 0 0 0 0 0 0 0 0 0 0 0 0 0 0
0 0 0 0 0 0 0 0 0 0 0 0 0 0 0 0 0 0 0 0 0 0 0 0
0 0 0 0 0 0 0 0 0 0 0 0 0 0 0 0 0 0 0 0 0 0 0 0
0 0 0 0 0 0 0 0 0 0 0 0 0 0 0 0 0 0 0 0 0 0 0 0
0 0 0 0 0 0 0 0 0 0 0 0 0 0 0 0 0 0 0 0 0 0 0 0
0 0 0 0 0 0 0 0 0 0 0 0 0 0 0 0 0 0 0 0 0 0 0 0
0 0 0 0 0 0 0 0 0 0 0 0 0 0 0 0 0 0 0 0 0 0 0 0
0 0 0 0 0 0 0 0 0 0 0 0 0 0 0 0 0 0 0 0 0 0 0 0
0 0 0 0 0 0 0 0 0 0 0 0 0 0 0 0 0 0 0 0 0 0 0 0
0 0 0 0 0 0 0 0 0 0 0 0 0 0 0 0 0 0 0 0 0 0 0 0
0 0 0 0 0 0 0 0 0 0 0 0 0 0 0 0 0 0 0 0 0 0 0 0
0 0 0 0 0 0 0 0 0 0 0 0 0 0 0 0 0 0 0 0 0 0 0 0
0 0 0 0 0 0 0 0 0 0 0 0 0 0 0 0 0 0 0 0 0 0 0 0
0 0 0 0 0 0 0 0 0 0 0 0 0 0 0 0 0 0 0 0 0 0 0 0
0 0 0 0 0 0 0 0 0 0 0 0 0 0 0 0 0 0 0 0 0 0 0 0
0 0 0 0 0 0 0 0 0 0 0 0 0 0 0 0 0 0 0 0 0 0 0 0
0 0 0 0 0 0 0 0 0 0 0 0 0 0 0 0 0 0 0 0 0 0 0 0
0 0 0 0 0 0 0 0 0 0 0 0 0 0 0 0 0 0 0 0 0 0 0 0
0 0 0 0 0 0 0 0 0 0 0 0 0 0 0 0 0 0 0 0 0 0 0 0
0 0 0 0 0 0 0 0 0 0 0 0 0 0 0 0 0 0 0 0 0 0 0 0
0 0 0 0 0 0 0 0 0 0 0 0 0 0 0 0 0 0 0 0 0 0 0 0
0 0 0 0 0 0 0 0 0 0 0 0 0 0 0 0 0 0 0 0 0 0 0 0
0 0 0 0 0 0 0 0 0 0 0 0 0 0 0 0 0 0 0 0 0 0 0 0
0 0 0 0 0 0 0 0 0 0 0 0 0 0 0 0 0 0 0 0 0 0 0 0
0 0 0 0 0 0 0 0 0 0 0 0 0 0 0 0 0 0 0 0 0 0 0 0
0 0 0 0 0 0 0 0 0 0 0 0 0 0 0 0 0 0 0 0 0 0 0 0
0 0 0 0 0 0 0 0 0 0 0 0 0 0 0 0 0 0 0 0 0 0 0 0
0 0 0 0 0 0 0 0 0 0 0 0 0 0 0 0 0 0 0 0 0 0 0 0
0 0 0 0 0 0 0 0 0 0 0 0 0 0 0 0 0 0 0 0 0 0 0 0
0 0 0 0 0 0 0 0 0 0 0 0 0 0 0 0 0 0 0 0 0 0 0 0
0 0 0 0 0 0 0 0 0 0 0 0 0 0 0 0 0 0 0 0 0 0 0 0
0 0 0 0 0 0 0 0 0 0 0 0 0 0 0 0 0 0 0 0 0 0 0 0
0 0 0 0 0 0 0 0 0 0 0 0 0 0 0 0 0 0 0 0 0 0 0 0
0 0 0 0 0 0 0 0 0 0 0 0 0 0 0 0 0 0 0 0 0 0 0 0
0 0 0 0 0 0 0 0 0 0 0 0 0 0 0 0 0 0 0 0 0 0 0 0
0 0 0 0 0 0 0 0 0 0 0 0 0 0 0 0 0 0 0 0 0 0 0 0
2 4 3 6 3 4 4 4 6 -9 -8 -9 -10 -8 -8 5 4 3 3 4 4 4 4 6
4 0 -3 0 0 0 -1 -2 6 2 0 0 1 1 2 3 0 -1 0 -1 -2 0 -1 5
4 0 6 6 6 4 6 0 2 0 -11 -11 -9 -12 0 4 -3 7 4 5 6 7 -1 6
3 0 6 -1 0 -2 8 0 2 2 -10 -11 -10 -8 1 2 -1 4 -1 -2 -2 8 -2 6
3 -1 7 -2 9 -2 4 0 4 1 1 0 1 1 1 6 -3 8 -2 10 0 5 -1 3
4 0 6 -2 0 -3 5 0 2 0 -12 -10 -11 -9 1 4 0 5 -1 0 0 7 -1 4
4 -2 5 5 5 5 5 -2 6 2 -9 -10 -8 -10 0 4 -1 5 6 7 7 6 -1 5
6 0 0 0 -2 0 -3 0 2 0 1 0 0 0 1 5 0 -1 -1 -2 -1 0 -1 4
3 3 4 5 4 4 5 5 2 -11 -10 -11 -10 -11 -12 2 4 5 6 4 5 4 2 4
-8 2 0 1 1 0 3 2 -11 -9 -8 -10 -8 -9 -12 -10 0 0 3 0 2 2 0 -9
-11 0 -10 -9 0 -11 -11 2 -10 -10 -9 -12 -9 -9 -9 -11 1 -10 -12 1 -9 -11 1 -10
-10 1 -10 -10 0 -11 -8 0 -9 -8 -12 11 10 -10 -9 -11 2 -11 -10 3 -10 -12 2 -11
-9 0 -9 -11 1 -11 -9 0 -10 -9 -10 9 12 -10 -9 -10 1 -9 -11 0 -8 -10 0 -12
-10 1 -11 -10 0 -11 -9 1 -10 -11 -12 -11 -12 -8 -10 -8 1 -11 -9 1 -11 -11 0 -10
-9 0 0 0 1 0 3 1 -10 -10 -10 -10 -11 -11 -9 -10 3 0 0 0 0 3 0 -10
4 3 4 5 3 3 5 4 5 -11 -11 -11 -10 -12 -12 6 5 4 5 4 4 4 3 5
5 0 0 -2 -2 -2 0 -1 5 1 0 0 3 0 0 4 0 -1 0 -1 -2 -2 -2 4
4 0 7 6 6 6 5 0 5 2 -9 -12 -11 -10 1 4 -1 6 8 5 5 6 -2 5
4 0 6 -2 0 -1 6 0 6 1 -9 -10 -10 -8 1 6 0 8 -2 0 -2 6 0 5
4 0 6 -2 9 -1 7 0 4 2 2 2 3 1 0 4 0 6 -3 9 -1 5 0 4
3 0 7 -2 0 -2 7 0 5 1 -10 -11 -10 -10 1 3 0 6 -2 -1 -2 5 -3 5
5 0 4 5 8 6 6 0 4 1 -10 -8 -11 -11 0 2 0 7 6 6 5 5 -1 6
6 -1 -2 -3 0 -2 -2 0 3 0 1 0 1 2 0 4 -1 0 0 -2 -1 0 0 4
2 3 4 6 4 6 4 6 3 -12 -9 -11 -8 -11 -8 2 4 5 4 5 4 4 4 2
1 6
0 0
4 -1 -1
9 -1 -1
13 -1 -1
17 -1 -1
19 -1 -1
20 -1 -1
2 6
0 0
45 -1 -1
46 -1 -1
51 -1 -1
52 -1 -1
53 -1 -1
56 -1 -1
