12 12 1 1607168275
0 0 0 0 0 0 0 0 0 0 0 0
0 0 0 0 0 0 0 0 0 0 0 0
0 0 0 0 0 0 0 0 0 0 0 0
0 0 0 0 0 0 0 0 0 0 0 0
0 0 0 0 0 0 0 0 0 0 0 0
0 0 0 0 0 0 0 0 0 0 0 0
0 0 0 0 0 0 0 0 0 0 0 0
0 0 0 0 0 0 0 0 0 0 0 0
0 0 0 0 0 0 0 0 0 0 0 0
0 0 0 0 0 0 0 0 0 0 0 0
0 0 0 0 0 0 0 0 0 0 0 0
0 0 0 0 0 0 0 0 0 0 0 0
0 0 0 0 0 0 0 0 0 0 0 0
0 0 0 0 0 0 0 0 0 0 0 0
0 0 0 0 0 0 0 0 0 0 0 0
0 0 0 0 0 0 0 0 0 0 0 0
0 0 0 0 0 0 0 0 0 0 0 0
0 0 0 0 0 0 0 0 0 0 0 0
0 0 0 0 0 0 0 0 0 0 0 0
0 0 0 0 0 0 0 0 0 0 0 0
0 0 0 0 0 0 0 0 0 0 0 0
0 0 0 0 0 0 0 0 0 0 0 0
0 0 0 0 0 0 0 0 0 0 0 0
0 0 0 0 0 0 0 0 0 0 0 0
2 2 -2 -2 2 2 -2 -2 2 2 -2 -2
2 2 -2 -2 2 2 -2 -2 2 2 -2 -2
-16 -16 5 5 -16 -16 5 5 -16 -16 5 5
-16 -16 5 5 -16 -16 5 5 -16 -16 5 5
2 2 -16 -16 10 10 -16 -16 10 10 -16 -16
2 2 -16 -16 10 10 -16 -16 10 10 -16 -16
-16 -16 10 10 -16 -16 10 10 -16 -16 2 2
-16 -16 10 10 -16 -16 10 10 -16 -16 2 2
5 5 -16 -16 5 5 -16 -16 5 5 -16 -16
5 5 -16 -16 5 5 -16 -16 5 5 -16 -16
-2 -2 2 2 -2 -2 2 2 -2 -2 2 2
-2 -2 2 2 -2 -2 2 2 -2 -2 2 2
1 6
0 0
2 -1 -1
6 -1 -1
11 -1 -1
15 -1 -1
19 -1 -1
24 -1 -1
2 6
0 0
46 -1 -1
51 -1 -1
55 -1 -1
58 -1 -1
61 -1 -1
66 -1 -1
