12 12 0 1607168752
0 0 0 0 0 0 0 0 0 0 0 0
0 0 0 0 0 0 0 0 0 0 0 0
0 0 0 0 0 0 0 0 0 0 0 0
0 0 0 0 0 0 0 0 0 0 0 0
0 0 0 0 0 0 0 0 0 0 0 0
0 0 0 0 0 0 0 0 0 0 0 0
0 0 0 0 0 0 0 0 0 0 0 0
0 0 0 0 0 0 0 0 0 0 0 0
0 0 0 0 0 0 0 0 0 0 0 0
0 0 0 0 0 0 0 0 0 0 0 0
0 0 0 0 0 0 0 0 0 0 0 0
0 0 0 0 0 0 0 0 0 0 0 0
0 0 0 0 0 0 0 0 0 0 0 0
0 0 0 0 0 0 0 0 0 0 0 0
0 0 0 0 0 0 0 0 0 0 0 0
0 0 0 0 0 0 0 0 0 0 0 0
0 0 0 0 0 0 0 0 0 0 0 0
0 0 0 0 0 0 0 0 0 0 0 0
0 0 0 0 0 0 0 0 0 0 0 0
0 0 0 0 0 0 0 0 0 0 0 0
0 0 0 0 0 0 0 0 0 0 0 0
0 0 0 0 0 0 0 0 0 0 0 0
0 0 0 0 0 0 0 0 0 0 0 0
0 0 0 0 0 0 0 0 0 0 0 0
5 -1 3 2 6 4 -1 6 5 1 3 1
-1 1 -2 -1 3 -1 2 3 4 -2 1 1
1 -3 4 4 -2 -3 5 -2 2 0 6 0
3 -4 -4 -4 -1 1 -3 -2 4 2 0 -3
4 1 6 0 5 6 2 4 3 -3 5 4
1 4 1 1 -1 3 2 -3 -3 1 -1 -1
5 0 3 2 -3 1 6 -2 -1 5 4 1
5 3 1 -2 -1 5 3 4 -2 -4 5 6
4 1 0 5 -4 0 4 0 5 -1 3 -4
5 1 1 0 6 3 -3 -1 1 2 -1 -4
3 3 -4 -3 2 6 -2 4 2 1 6 6
1 3 2 -4 1 2 1 2 -2 -4 -4 4
1 6
0 0
5 -1 -1
10 -1 -1
13 -1 -1
17 -1 -1
19 -1 -1
22 -1 -1
2 6
0 0
47 -1 -1
48 -1 -1
49 -1 -1
50 -1 -1
51 -1 -1
54 -1 -1
