12 12 1 1607168696
0 0 0 0 0 0 0 0 0 0 0 0
0 0 0 0 0 0 0 0 0 0 0 0
0 0 0 0 0 0 0 0 0 0 0 0
0 0 0 0 0 0 0 0 0 0 0 0
0 0 0 0 0 0 0 0 0 0 0 0
0 0 0 0 0 0 0 0 0 0 0 0
0 0 0 0 0 0 0 0 0 0 0 0
0 0 0 0 0 0 0 0 0 0 0 0
0 0 0 0 0 0 0 0 0 0 0 0
0 0 0 0 0 0 0 0 0 0 0 0
0 0 0 0 0 0 0 0 0 0 0 0
0 0 0 0 0 0 0 0 0 0 0 0
0 0 0 0 0 0 0 0 0 0 0 0
0 0 0 0 0 0 0 0 0 0 0 0
0 0 0 0 0 0 0 0 0 0 0 0
0 0 0 0 0 0 0 0 0 0 0 0
0 0 0 0 0 0 0 0 0 0 0 0
0 0 0 0 0 0 0 0 0 0 0 0
0 0 0 0 0 0 0 0 0 0 0 0
0 0 0 0 0 0 0 0 0 0 0 0
0 0 0 0 0 0 0 0 0 0 0 0
0 0 0 0 0 0 0 0 0 0 0 0
0 0 0 0 0 0 0 0 0 0 0 0
0 0 0 0 0 0 0 0 0 0 0 0
-3 -3 11 4 10 11 0 14 5 15 4 16
-11 7 -13 6 -6 13 10 -4 6 -11 4 16
-8 -9 9 -14 -1 10 13 -3 -2 15 -11 3
-14 -6 -2 -12 15 6 -2 6 13 -8 10 0
3 8 -9 15 -14 -6 -5 -16 -10 9 1 -6
15 -13 2 13 16 12 7 7 1 11 -1 12
4 10 10 13 2 -8 6 -6 0 7 10 3
1 13 -3 -9 16 12 -13 -4 13 6 0 9
12 1 -3 16 1 -4 2 15 -8 12 8 -13
8 15 -9 -8 -11 -12 13 9 12 7 10 -2
-2 9 -9 -14 8 -1 -2 -16 10 15 -8 -8
-11 -1 9 5 -9 15 8 5 3 -1 9 16
1 6
0 0
3 -1 -1
6 -1 -1
8 -1 -1
11 -1 -1
14 -1 -1
15 -1 -1
2 6
0 0
47 -1 -1
50 -1 -1
53 -1 -1
56 -1 -1
60 -1 -1
61 -1 -1
